Link_index	Source	Destination	Capacity(EPRps)	Length(km)	Real/Virtual
0	0	1	14730.57	16.141	real
1	1	50	12125.44	18.0	real
2	50	51	12125.44	18.0	real
3	51	52	10970.247	19.0	real
4	52	53	10970.247	19.0	real
5	53	54	10970.247	19.0	real
6	54	8	10970.247	19.0	real
7	1	56	27389.072	11.0	real
8	56	3	27389.072	11.0	real
9	2	58	14957.19	16.0	real
10	58	41	14957.19	16.0	real
11	2	60	23976.664	12.0	real
12	60	3	23976.664	12.0	real
13	2	62	23976.664	12.0	real
14	62	3	23976.664	12.0	real
15	2	64	14957.19	16.0	real
16	64	65	13443.77	17.0	real
17	65	6	13443.77	17.0	real
18	3	67	16706.241	15.0	real
19	67	49	14957.19	16.0	real
20	4	69	16706.241	15.0	real
21	69	8	16706.241	15.0	real
22	4	71	18743.124	14.0	real
23	71	9	18743.124	14.0	real
24	4	73	12125.44	18.0	real
25	73	7	12125.44	18.0	real
26	5	75	18743.124	14.0	real
27	75	76	18743.124	14.0	real
28	76	8	18743.124	14.0	real
29	5	78	21136.187	13.0	real
30	78	79	18743.124	14.0	real
31	79	47	18743.124	14.0	real
32	6	81	12125.44	18.0	real
33	81	82	10970.247	19.0	real
34	82	83	10970.247	19.0	real
35	83	7	10970.247	19.0	real
36	8	85	12125.44	18.0	real
37	85	32	12125.44	18.0	real
38	8	35	22316.015	12.563	real
39	8	87	12125.44	18.0	real
40	87	88	12125.44	18.0	real
41	88	38	12125.44	18.0	real
42	8	90	14957.19	16.0	real
43	90	91	14957.19	16.0	real
44	91	92	13443.77	17.0	real
45	92	93	13443.77	17.0	real
46	93	47	13443.77	17.0	real
47	8	95	23976.664	12.0	real
48	95	36	21136.187	13.0	real
49	8	97	13443.77	17.0	real
50	97	30	12125.44	18.0	real
51	8	99	27389.072	11.0	real
52	99	31	23976.664	12.0	real
53	9	101	21136.187	13.0	real
54	101	32	21136.187	13.0	real
55	10	11	14251.169	16.449	real
56	11	103	16706.241	15.0	real
57	103	19	14957.19	16.0	real
58	11	105	10970.247	19.0	real
59	105	23	9952.679	20.0	real
60	12	30	46164.392	7.624	real
61	12	30	46164.392	7.624	real
62	13	14	10885.149	19.079	real
63	13	107	10970.247	19.0	real
64	107	30	9952.679	20.0	real
65	14	42	15279.987	15.804	real
66	14	109	12125.44	18.0	real
67	109	110	10970.247	19.0	real
68	110	15	10970.247	19.0	real
69	14	112	14957.19	16.0	real
70	112	113	14957.19	16.0	real
71	113	114	14957.19	16.0	real
72	114	115	13443.77	17.0	real
73	115	45	13443.77	17.0	real
74	15	117	12125.44	18.0	real
75	117	118	12125.44	18.0	real
76	118	16	10970.247	19.0	real
77	16	17	9128.848	20.91	real
78	16	17	9128.848	20.91	real
79	17	120	13443.77	17.0	real
80	120	18	12125.44	18.0	real
81	18	122	18743.124	14.0	real
82	122	123	18743.124	14.0	real
83	123	19	16706.241	15.0	real
84	19	125	18743.124	14.0	real
85	125	24	16706.241	15.0	real
86	19	127	10970.247	19.0	real
87	127	128	10970.247	19.0	real
88	128	129	10970.247	19.0	real
89	129	30	10970.247	19.0	real
90	20	26	13827.262	16.733	real
91	20	131	14957.19	16.0	real
92	131	21	13443.77	17.0	real
93	21	28	51980.869	6.976	real
94	22	37	11112.15	18.87	real
95	22	133	18743.124	14.0	real
96	133	30	16706.241	15.0	real
97	23	30	47846.706	7.424	real
98	24	135	27389.072	11.0	real
99	135	27	27389.072	11.0	real
100	25	137	23976.664	12.0	real
101	137	27	21136.187	13.0	real
102	25	37	11767.761	18.296	real
103	26	139	13443.77	17.0	real
104	139	27	12125.44	18.0	real
105	26	141	13443.77	17.0	real
106	141	27	12125.44	18.0	real
107	26	143	16706.241	15.0	real
108	143	29	16706.241	15.0	real
109	28	145	21136.187	13.0	real
110	145	29	21136.187	13.0	real
111	30	36	16353.557	15.19	real
112	30	147	13443.77	17.0	real
113	147	148	12125.44	18.0	real
114	148	38	12125.44	18.0	real
115	30	31	22765.293	12.405	real
116	32	33	150977.289	2.898	real
117	32	38	10646.337	19.305	real
118	32	39	14820.025	16.085	real
119	33	34	28516.856	10.708	real
120	34	35	19041.397	13.866	real
121	37	38	22151.433	12.622	real
122	37	38	22151.433	12.622	real
123	38	39	38474.335	8.704	real
124	40	150	21136.187	13.0	real
125	150	151	18743.124	14.0	real
126	151	41	18743.124	14.0	real
127	40	153	18743.124	14.0	real
128	153	49	16706.241	15.0	real
129	42	155	21136.187	13.0	real
130	155	44	21136.187	13.0	real
131	42	157	13443.77	17.0	real
132	157	46	12125.44	18.0	real
133	43	44	12488.403	17.711	real
134	43	46	18403.882	14.156	real
135	45	159	16706.241	15.0	real
136	159	160	14957.19	16.0	real
137	160	161	14957.19	16.0	real
138	161	47	14957.19	16.0	real
139	46	163	18743.124	14.0	real
140	163	47	16706.241	15.0	real
141	47	165	31547.867	10.0	real
142	165	48	27389.072	11.0	real
143	48	49	10730.097	19.225	real
144	0	168	151077.289	0	virtual
145	168	1	14730.57	16.141	real
146	0	169	151077.289	0	virtual
147	169	1	14730.57	16.141	real
148	0	170	151077.289	0	virtual
149	170	1	14730.57	16.141	real
150	1	171	151077.289	0	virtual
151	171	50	12125.44	18.0	real
152	1	172	151077.289	0	virtual
153	172	50	12125.44	18.0	real
154	1	173	151077.289	0	virtual
155	173	50	12125.44	18.0	real
156	50	174	151077.289	0	virtual
157	174	51	12125.44	18.0	real
158	50	175	151077.289	0	virtual
159	175	51	12125.44	18.0	real
160	50	176	151077.289	0	virtual
161	176	51	12125.44	18.0	real
162	51	177	151077.289	0	virtual
163	177	52	10970.247	19.0	real
164	51	178	151077.289	0	virtual
165	178	52	10970.247	19.0	real
166	51	179	151077.289	0	virtual
167	179	52	10970.247	19.0	real
168	52	180	151077.289	0	virtual
169	180	53	10970.247	19.0	real
170	52	181	151077.289	0	virtual
171	181	53	10970.247	19.0	real
172	52	182	151077.289	0	virtual
173	182	53	10970.247	19.0	real
174	53	183	151077.289	0	virtual
175	183	54	10970.247	19.0	real
176	53	184	151077.289	0	virtual
177	184	54	10970.247	19.0	real
178	53	185	151077.289	0	virtual
179	185	54	10970.247	19.0	real
180	54	186	151077.289	0	virtual
181	186	8	10970.247	19.0	real
182	54	187	151077.289	0	virtual
183	187	8	10970.247	19.0	real
184	54	188	151077.289	0	virtual
185	188	8	10970.247	19.0	real
186	1	189	151077.289	0	virtual
187	189	56	27389.072	11.0	real
188	1	190	151077.289	0	virtual
189	190	56	27389.072	11.0	real
190	1	191	151077.289	0	virtual
191	191	56	27389.072	11.0	real
192	56	192	151077.289	0	virtual
193	192	3	27389.072	11.0	real
194	56	193	151077.289	0	virtual
195	193	3	27389.072	11.0	real
196	56	194	151077.289	0	virtual
197	194	3	27389.072	11.0	real
198	2	195	151077.289	0	virtual
199	195	58	14957.19	16.0	real
200	2	196	151077.289	0	virtual
201	196	58	14957.19	16.0	real
202	2	197	151077.289	0	virtual
203	197	58	14957.19	16.0	real
204	58	198	151077.289	0	virtual
205	198	41	14957.19	16.0	real
206	58	199	151077.289	0	virtual
207	199	41	14957.19	16.0	real
208	58	200	151077.289	0	virtual
209	200	41	14957.19	16.0	real
210	2	201	151077.289	0	virtual
211	201	60	23976.664	12.0	real
212	2	202	151077.289	0	virtual
213	202	60	23976.664	12.0	real
214	2	203	151077.289	0	virtual
215	203	60	23976.664	12.0	real
216	60	204	151077.289	0	virtual
217	204	3	23976.664	12.0	real
218	60	205	151077.289	0	virtual
219	205	3	23976.664	12.0	real
220	60	206	151077.289	0	virtual
221	206	3	23976.664	12.0	real
222	2	207	151077.289	0	virtual
223	207	62	23976.664	12.0	real
224	2	208	151077.289	0	virtual
225	208	62	23976.664	12.0	real
226	2	209	151077.289	0	virtual
227	209	62	23976.664	12.0	real
228	62	210	151077.289	0	virtual
229	210	3	23976.664	12.0	real
230	62	211	151077.289	0	virtual
231	211	3	23976.664	12.0	real
232	62	212	151077.289	0	virtual
233	212	3	23976.664	12.0	real
234	2	213	151077.289	0	virtual
235	213	64	14957.19	16.0	real
236	2	214	151077.289	0	virtual
237	214	64	14957.19	16.0	real
238	2	215	151077.289	0	virtual
239	215	64	14957.19	16.0	real
240	64	216	151077.289	0	virtual
241	216	65	13443.77	17.0	real
242	64	217	151077.289	0	virtual
243	217	65	13443.77	17.0	real
244	64	218	151077.289	0	virtual
245	218	65	13443.77	17.0	real
246	65	219	151077.289	0	virtual
247	219	6	13443.77	17.0	real
248	65	220	151077.289	0	virtual
249	220	6	13443.77	17.0	real
250	65	221	151077.289	0	virtual
251	221	6	13443.77	17.0	real
252	3	222	151077.289	0	virtual
253	222	67	16706.241	15.0	real
254	3	223	151077.289	0	virtual
255	223	67	16706.241	15.0	real
256	3	224	151077.289	0	virtual
257	224	67	16706.241	15.0	real
258	67	225	151077.289	0	virtual
259	225	49	14957.19	16.0	real
260	67	226	151077.289	0	virtual
261	226	49	14957.19	16.0	real
262	67	227	151077.289	0	virtual
263	227	49	14957.19	16.0	real
264	4	228	151077.289	0	virtual
265	228	69	16706.241	15.0	real
266	4	229	151077.289	0	virtual
267	229	69	16706.241	15.0	real
268	4	230	151077.289	0	virtual
269	230	69	16706.241	15.0	real
270	69	231	151077.289	0	virtual
271	231	8	16706.241	15.0	real
272	69	232	151077.289	0	virtual
273	232	8	16706.241	15.0	real
274	69	233	151077.289	0	virtual
275	233	8	16706.241	15.0	real
276	4	234	151077.289	0	virtual
277	234	71	18743.124	14.0	real
278	4	235	151077.289	0	virtual
279	235	71	18743.124	14.0	real
280	4	236	151077.289	0	virtual
281	236	71	18743.124	14.0	real
282	71	237	151077.289	0	virtual
283	237	9	18743.124	14.0	real
284	71	238	151077.289	0	virtual
285	238	9	18743.124	14.0	real
286	71	239	151077.289	0	virtual
287	239	9	18743.124	14.0	real
288	4	240	151077.289	0	virtual
289	240	73	12125.44	18.0	real
290	4	241	151077.289	0	virtual
291	241	73	12125.44	18.0	real
292	4	242	151077.289	0	virtual
293	242	73	12125.44	18.0	real
294	73	243	151077.289	0	virtual
295	243	7	12125.44	18.0	real
296	73	244	151077.289	0	virtual
297	244	7	12125.44	18.0	real
298	73	245	151077.289	0	virtual
299	245	7	12125.44	18.0	real
300	5	246	151077.289	0	virtual
301	246	75	18743.124	14.0	real
302	5	247	151077.289	0	virtual
303	247	75	18743.124	14.0	real
304	5	248	151077.289	0	virtual
305	248	75	18743.124	14.0	real
306	75	249	151077.289	0	virtual
307	249	76	18743.124	14.0	real
308	75	250	151077.289	0	virtual
309	250	76	18743.124	14.0	real
310	75	251	151077.289	0	virtual
311	251	76	18743.124	14.0	real
312	76	252	151077.289	0	virtual
313	252	8	18743.124	14.0	real
314	76	253	151077.289	0	virtual
315	253	8	18743.124	14.0	real
316	76	254	151077.289	0	virtual
317	254	8	18743.124	14.0	real
318	5	255	151077.289	0	virtual
319	255	78	21136.187	13.0	real
320	5	256	151077.289	0	virtual
321	256	78	21136.187	13.0	real
322	5	257	151077.289	0	virtual
323	257	78	21136.187	13.0	real
324	78	258	151077.289	0	virtual
325	258	79	18743.124	14.0	real
326	78	259	151077.289	0	virtual
327	259	79	18743.124	14.0	real
328	78	260	151077.289	0	virtual
329	260	79	18743.124	14.0	real
330	79	261	151077.289	0	virtual
331	261	47	18743.124	14.0	real
332	79	262	151077.289	0	virtual
333	262	47	18743.124	14.0	real
334	79	263	151077.289	0	virtual
335	263	47	18743.124	14.0	real
336	6	264	151077.289	0	virtual
337	264	81	12125.44	18.0	real
338	6	265	151077.289	0	virtual
339	265	81	12125.44	18.0	real
340	6	266	151077.289	0	virtual
341	266	81	12125.44	18.0	real
342	81	267	151077.289	0	virtual
343	267	82	10970.247	19.0	real
344	81	268	151077.289	0	virtual
345	268	82	10970.247	19.0	real
346	81	269	151077.289	0	virtual
347	269	82	10970.247	19.0	real
348	82	270	151077.289	0	virtual
349	270	83	10970.247	19.0	real
350	82	271	151077.289	0	virtual
351	271	83	10970.247	19.0	real
352	82	272	151077.289	0	virtual
353	272	83	10970.247	19.0	real
354	83	273	151077.289	0	virtual
355	273	7	10970.247	19.0	real
356	83	274	151077.289	0	virtual
357	274	7	10970.247	19.0	real
358	83	275	151077.289	0	virtual
359	275	7	10970.247	19.0	real
360	8	276	151077.289	0	virtual
361	276	85	12125.44	18.0	real
362	8	277	151077.289	0	virtual
363	277	85	12125.44	18.0	real
364	8	278	151077.289	0	virtual
365	278	85	12125.44	18.0	real
366	85	279	151077.289	0	virtual
367	279	32	12125.44	18.0	real
368	85	280	151077.289	0	virtual
369	280	32	12125.44	18.0	real
370	85	281	151077.289	0	virtual
371	281	32	12125.44	18.0	real
372	8	282	151077.289	0	virtual
373	282	35	22316.015	12.563	real
374	8	283	151077.289	0	virtual
375	283	35	22316.015	12.563	real
376	8	284	151077.289	0	virtual
377	284	35	22316.015	12.563	real
378	8	285	151077.289	0	virtual
379	285	87	12125.44	18.0	real
380	8	286	151077.289	0	virtual
381	286	87	12125.44	18.0	real
382	8	287	151077.289	0	virtual
383	287	87	12125.44	18.0	real
384	87	288	151077.289	0	virtual
385	288	88	12125.44	18.0	real
386	87	289	151077.289	0	virtual
387	289	88	12125.44	18.0	real
388	87	290	151077.289	0	virtual
389	290	88	12125.44	18.0	real
390	88	291	151077.289	0	virtual
391	291	38	12125.44	18.0	real
392	88	292	151077.289	0	virtual
393	292	38	12125.44	18.0	real
394	88	293	151077.289	0	virtual
395	293	38	12125.44	18.0	real
396	8	294	151077.289	0	virtual
397	294	90	14957.19	16.0	real
398	8	295	151077.289	0	virtual
399	295	90	14957.19	16.0	real
400	8	296	151077.289	0	virtual
401	296	90	14957.19	16.0	real
402	90	297	151077.289	0	virtual
403	297	91	14957.19	16.0	real
404	90	298	151077.289	0	virtual
405	298	91	14957.19	16.0	real
406	90	299	151077.289	0	virtual
407	299	91	14957.19	16.0	real
408	91	300	151077.289	0	virtual
409	300	92	13443.77	17.0	real
410	91	301	151077.289	0	virtual
411	301	92	13443.77	17.0	real
412	91	302	151077.289	0	virtual
413	302	92	13443.77	17.0	real
414	92	303	151077.289	0	virtual
415	303	93	13443.77	17.0	real
416	92	304	151077.289	0	virtual
417	304	93	13443.77	17.0	real
418	92	305	151077.289	0	virtual
419	305	93	13443.77	17.0	real
420	93	306	151077.289	0	virtual
421	306	47	13443.77	17.0	real
422	93	307	151077.289	0	virtual
423	307	47	13443.77	17.0	real
424	93	308	151077.289	0	virtual
425	308	47	13443.77	17.0	real
426	8	309	151077.289	0	virtual
427	309	95	23976.664	12.0	real
428	8	310	151077.289	0	virtual
429	310	95	23976.664	12.0	real
430	8	311	151077.289	0	virtual
431	311	95	23976.664	12.0	real
432	95	312	151077.289	0	virtual
433	312	36	21136.187	13.0	real
434	95	313	151077.289	0	virtual
435	313	36	21136.187	13.0	real
436	95	314	151077.289	0	virtual
437	314	36	21136.187	13.0	real
438	8	315	151077.289	0	virtual
439	315	97	13443.77	17.0	real
440	8	316	151077.289	0	virtual
441	316	97	13443.77	17.0	real
442	8	317	151077.289	0	virtual
443	317	97	13443.77	17.0	real
444	97	318	151077.289	0	virtual
445	318	30	12125.44	18.0	real
446	97	319	151077.289	0	virtual
447	319	30	12125.44	18.0	real
448	97	320	151077.289	0	virtual
449	320	30	12125.44	18.0	real
450	8	321	151077.289	0	virtual
451	321	99	27389.072	11.0	real
452	8	322	151077.289	0	virtual
453	322	99	27389.072	11.0	real
454	8	323	151077.289	0	virtual
455	323	99	27389.072	11.0	real
456	99	324	151077.289	0	virtual
457	324	31	23976.664	12.0	real
458	99	325	151077.289	0	virtual
459	325	31	23976.664	12.0	real
460	99	326	151077.289	0	virtual
461	326	31	23976.664	12.0	real
462	9	327	151077.289	0	virtual
463	327	101	21136.187	13.0	real
464	9	328	151077.289	0	virtual
465	328	101	21136.187	13.0	real
466	9	329	151077.289	0	virtual
467	329	101	21136.187	13.0	real
468	101	330	151077.289	0	virtual
469	330	32	21136.187	13.0	real
470	101	331	151077.289	0	virtual
471	331	32	21136.187	13.0	real
472	101	332	151077.289	0	virtual
473	332	32	21136.187	13.0	real
474	10	333	151077.289	0	virtual
475	333	11	14251.169	16.449	real
476	10	334	151077.289	0	virtual
477	334	11	14251.169	16.449	real
478	10	335	151077.289	0	virtual
479	335	11	14251.169	16.449	real
480	11	336	151077.289	0	virtual
481	336	103	16706.241	15.0	real
482	11	337	151077.289	0	virtual
483	337	103	16706.241	15.0	real
484	11	338	151077.289	0	virtual
485	338	103	16706.241	15.0	real
486	103	339	151077.289	0	virtual
487	339	19	14957.19	16.0	real
488	103	340	151077.289	0	virtual
489	340	19	14957.19	16.0	real
490	103	341	151077.289	0	virtual
491	341	19	14957.19	16.0	real
492	11	342	151077.289	0	virtual
493	342	105	10970.247	19.0	real
494	11	343	151077.289	0	virtual
495	343	105	10970.247	19.0	real
496	11	344	151077.289	0	virtual
497	344	105	10970.247	19.0	real
498	105	345	151077.289	0	virtual
499	345	23	9952.679	20.0	real
500	105	346	151077.289	0	virtual
501	346	23	9952.679	20.0	real
502	105	347	151077.289	0	virtual
503	347	23	9952.679	20.0	real
504	12	348	151077.289	0	virtual
505	348	30	46164.392	7.624	real
506	12	349	151077.289	0	virtual
507	349	30	46164.392	7.624	real
508	12	350	151077.289	0	virtual
509	350	30	46164.392	7.624	real
510	12	351	151077.289	0	virtual
511	351	30	46164.392	7.624	real
512	12	352	151077.289	0	virtual
513	352	30	46164.392	7.624	real
514	12	353	151077.289	0	virtual
515	353	30	46164.392	7.624	real
516	13	354	151077.289	0	virtual
517	354	14	10885.149	19.079	real
518	13	355	151077.289	0	virtual
519	355	14	10885.149	19.079	real
520	13	356	151077.289	0	virtual
521	356	14	10885.149	19.079	real
522	13	357	151077.289	0	virtual
523	357	107	10970.247	19.0	real
524	13	358	151077.289	0	virtual
525	358	107	10970.247	19.0	real
526	13	359	151077.289	0	virtual
527	359	107	10970.247	19.0	real
528	107	360	151077.289	0	virtual
529	360	30	9952.679	20.0	real
530	107	361	151077.289	0	virtual
531	361	30	9952.679	20.0	real
532	107	362	151077.289	0	virtual
533	362	30	9952.679	20.0	real
534	14	363	151077.289	0	virtual
535	363	42	15279.987	15.804	real
536	14	364	151077.289	0	virtual
537	364	42	15279.987	15.804	real
538	14	365	151077.289	0	virtual
539	365	42	15279.987	15.804	real
540	14	366	151077.289	0	virtual
541	366	109	12125.44	18.0	real
542	14	367	151077.289	0	virtual
543	367	109	12125.44	18.0	real
544	14	368	151077.289	0	virtual
545	368	109	12125.44	18.0	real
546	109	369	151077.289	0	virtual
547	369	110	10970.247	19.0	real
548	109	370	151077.289	0	virtual
549	370	110	10970.247	19.0	real
550	109	371	151077.289	0	virtual
551	371	110	10970.247	19.0	real
552	110	372	151077.289	0	virtual
553	372	15	10970.247	19.0	real
554	110	373	151077.289	0	virtual
555	373	15	10970.247	19.0	real
556	110	374	151077.289	0	virtual
557	374	15	10970.247	19.0	real
558	14	375	151077.289	0	virtual
559	375	112	14957.19	16.0	real
560	14	376	151077.289	0	virtual
561	376	112	14957.19	16.0	real
562	14	377	151077.289	0	virtual
563	377	112	14957.19	16.0	real
564	112	378	151077.289	0	virtual
565	378	113	14957.19	16.0	real
566	112	379	151077.289	0	virtual
567	379	113	14957.19	16.0	real
568	112	380	151077.289	0	virtual
569	380	113	14957.19	16.0	real
570	113	381	151077.289	0	virtual
571	381	114	14957.19	16.0	real
572	113	382	151077.289	0	virtual
573	382	114	14957.19	16.0	real
574	113	383	151077.289	0	virtual
575	383	114	14957.19	16.0	real
576	114	384	151077.289	0	virtual
577	384	115	13443.77	17.0	real
578	114	385	151077.289	0	virtual
579	385	115	13443.77	17.0	real
580	114	386	151077.289	0	virtual
581	386	115	13443.77	17.0	real
582	115	387	151077.289	0	virtual
583	387	45	13443.77	17.0	real
584	115	388	151077.289	0	virtual
585	388	45	13443.77	17.0	real
586	115	389	151077.289	0	virtual
587	389	45	13443.77	17.0	real
588	15	390	151077.289	0	virtual
589	390	117	12125.44	18.0	real
590	15	391	151077.289	0	virtual
591	391	117	12125.44	18.0	real
592	15	392	151077.289	0	virtual
593	392	117	12125.44	18.0	real
594	117	393	151077.289	0	virtual
595	393	118	12125.44	18.0	real
596	117	394	151077.289	0	virtual
597	394	118	12125.44	18.0	real
598	117	395	151077.289	0	virtual
599	395	118	12125.44	18.0	real
600	118	396	151077.289	0	virtual
601	396	16	10970.247	19.0	real
602	118	397	151077.289	0	virtual
603	397	16	10970.247	19.0	real
604	118	398	151077.289	0	virtual
605	398	16	10970.247	19.0	real
606	16	399	151077.289	0	virtual
607	399	17	9128.848	20.91	real
608	16	400	151077.289	0	virtual
609	400	17	9128.848	20.91	real
610	16	401	151077.289	0	virtual
611	401	17	9128.848	20.91	real
612	16	402	151077.289	0	virtual
613	402	17	9128.848	20.91	real
614	16	403	151077.289	0	virtual
615	403	17	9128.848	20.91	real
616	16	404	151077.289	0	virtual
617	404	17	9128.848	20.91	real
618	17	405	151077.289	0	virtual
619	405	120	13443.77	17.0	real
620	17	406	151077.289	0	virtual
621	406	120	13443.77	17.0	real
622	17	407	151077.289	0	virtual
623	407	120	13443.77	17.0	real
624	120	408	151077.289	0	virtual
625	408	18	12125.44	18.0	real
626	120	409	151077.289	0	virtual
627	409	18	12125.44	18.0	real
628	120	410	151077.289	0	virtual
629	410	18	12125.44	18.0	real
630	18	411	151077.289	0	virtual
631	411	122	18743.124	14.0	real
632	18	412	151077.289	0	virtual
633	412	122	18743.124	14.0	real
634	18	413	151077.289	0	virtual
635	413	122	18743.124	14.0	real
636	122	414	151077.289	0	virtual
637	414	123	18743.124	14.0	real
638	122	415	151077.289	0	virtual
639	415	123	18743.124	14.0	real
640	122	416	151077.289	0	virtual
641	416	123	18743.124	14.0	real
642	123	417	151077.289	0	virtual
643	417	19	16706.241	15.0	real
644	123	418	151077.289	0	virtual
645	418	19	16706.241	15.0	real
646	123	419	151077.289	0	virtual
647	419	19	16706.241	15.0	real
648	19	420	151077.289	0	virtual
649	420	125	18743.124	14.0	real
650	19	421	151077.289	0	virtual
651	421	125	18743.124	14.0	real
652	19	422	151077.289	0	virtual
653	422	125	18743.124	14.0	real
654	125	423	151077.289	0	virtual
655	423	24	16706.241	15.0	real
656	125	424	151077.289	0	virtual
657	424	24	16706.241	15.0	real
658	125	425	151077.289	0	virtual
659	425	24	16706.241	15.0	real
660	19	426	151077.289	0	virtual
661	426	127	10970.247	19.0	real
662	19	427	151077.289	0	virtual
663	427	127	10970.247	19.0	real
664	19	428	151077.289	0	virtual
665	428	127	10970.247	19.0	real
666	127	429	151077.289	0	virtual
667	429	128	10970.247	19.0	real
668	127	430	151077.289	0	virtual
669	430	128	10970.247	19.0	real
670	127	431	151077.289	0	virtual
671	431	128	10970.247	19.0	real
672	128	432	151077.289	0	virtual
673	432	129	10970.247	19.0	real
674	128	433	151077.289	0	virtual
675	433	129	10970.247	19.0	real
676	128	434	151077.289	0	virtual
677	434	129	10970.247	19.0	real
678	129	435	151077.289	0	virtual
679	435	30	10970.247	19.0	real
680	129	436	151077.289	0	virtual
681	436	30	10970.247	19.0	real
682	129	437	151077.289	0	virtual
683	437	30	10970.247	19.0	real
684	20	438	151077.289	0	virtual
685	438	26	13827.262	16.733	real
686	20	439	151077.289	0	virtual
687	439	26	13827.262	16.733	real
688	20	440	151077.289	0	virtual
689	440	26	13827.262	16.733	real
690	20	441	151077.289	0	virtual
691	441	131	14957.19	16.0	real
692	20	442	151077.289	0	virtual
693	442	131	14957.19	16.0	real
694	20	443	151077.289	0	virtual
695	443	131	14957.19	16.0	real
696	131	444	151077.289	0	virtual
697	444	21	13443.77	17.0	real
698	131	445	151077.289	0	virtual
699	445	21	13443.77	17.0	real
700	131	446	151077.289	0	virtual
701	446	21	13443.77	17.0	real
702	21	447	151077.289	0	virtual
703	447	28	51980.869	6.976	real
704	21	448	151077.289	0	virtual
705	448	28	51980.869	6.976	real
706	21	449	151077.289	0	virtual
707	449	28	51980.869	6.976	real
708	22	450	151077.289	0	virtual
709	450	37	11112.15	18.87	real
710	22	451	151077.289	0	virtual
711	451	37	11112.15	18.87	real
712	22	452	151077.289	0	virtual
713	452	37	11112.15	18.87	real
714	22	453	151077.289	0	virtual
715	453	133	18743.124	14.0	real
716	22	454	151077.289	0	virtual
717	454	133	18743.124	14.0	real
718	22	455	151077.289	0	virtual
719	455	133	18743.124	14.0	real
720	133	456	151077.289	0	virtual
721	456	30	16706.241	15.0	real
722	133	457	151077.289	0	virtual
723	457	30	16706.241	15.0	real
724	133	458	151077.289	0	virtual
725	458	30	16706.241	15.0	real
726	23	459	151077.289	0	virtual
727	459	30	47846.706	7.424	real
728	23	460	151077.289	0	virtual
729	460	30	47846.706	7.424	real
730	23	461	151077.289	0	virtual
731	461	30	47846.706	7.424	real
732	24	462	151077.289	0	virtual
733	462	135	27389.072	11.0	real
734	24	463	151077.289	0	virtual
735	463	135	27389.072	11.0	real
736	24	464	151077.289	0	virtual
737	464	135	27389.072	11.0	real
738	135	465	151077.289	0	virtual
739	465	27	27389.072	11.0	real
740	135	466	151077.289	0	virtual
741	466	27	27389.072	11.0	real
742	135	467	151077.289	0	virtual
743	467	27	27389.072	11.0	real
744	25	468	151077.289	0	virtual
745	468	137	23976.664	12.0	real
746	25	469	151077.289	0	virtual
747	469	137	23976.664	12.0	real
748	25	470	151077.289	0	virtual
749	470	137	23976.664	12.0	real
750	137	471	151077.289	0	virtual
751	471	27	21136.187	13.0	real
752	137	472	151077.289	0	virtual
753	472	27	21136.187	13.0	real
754	137	473	151077.289	0	virtual
755	473	27	21136.187	13.0	real
756	25	474	151077.289	0	virtual
757	474	37	11767.761	18.296	real
758	25	475	151077.289	0	virtual
759	475	37	11767.761	18.296	real
760	25	476	151077.289	0	virtual
761	476	37	11767.761	18.296	real
762	26	477	151077.289	0	virtual
763	477	139	13443.77	17.0	real
764	26	478	151077.289	0	virtual
765	478	139	13443.77	17.0	real
766	26	479	151077.289	0	virtual
767	479	139	13443.77	17.0	real
768	139	480	151077.289	0	virtual
769	480	27	12125.44	18.0	real
770	139	481	151077.289	0	virtual
771	481	27	12125.44	18.0	real
772	139	482	151077.289	0	virtual
773	482	27	12125.44	18.0	real
774	26	483	151077.289	0	virtual
775	483	141	13443.77	17.0	real
776	26	484	151077.289	0	virtual
777	484	141	13443.77	17.0	real
778	26	485	151077.289	0	virtual
779	485	141	13443.77	17.0	real
780	141	486	151077.289	0	virtual
781	486	27	12125.44	18.0	real
782	141	487	151077.289	0	virtual
783	487	27	12125.44	18.0	real
784	141	488	151077.289	0	virtual
785	488	27	12125.44	18.0	real
786	26	489	151077.289	0	virtual
787	489	143	16706.241	15.0	real
788	26	490	151077.289	0	virtual
789	490	143	16706.241	15.0	real
790	26	491	151077.289	0	virtual
791	491	143	16706.241	15.0	real
792	143	492	151077.289	0	virtual
793	492	29	16706.241	15.0	real
794	143	493	151077.289	0	virtual
795	493	29	16706.241	15.0	real
796	143	494	151077.289	0	virtual
797	494	29	16706.241	15.0	real
798	28	495	151077.289	0	virtual
799	495	145	21136.187	13.0	real
800	28	496	151077.289	0	virtual
801	496	145	21136.187	13.0	real
802	28	497	151077.289	0	virtual
803	497	145	21136.187	13.0	real
804	145	498	151077.289	0	virtual
805	498	29	21136.187	13.0	real
806	145	499	151077.289	0	virtual
807	499	29	21136.187	13.0	real
808	145	500	151077.289	0	virtual
809	500	29	21136.187	13.0	real
810	30	501	151077.289	0	virtual
811	501	36	16353.557	15.19	real
812	30	502	151077.289	0	virtual
813	502	36	16353.557	15.19	real
814	30	503	151077.289	0	virtual
815	503	36	16353.557	15.19	real
816	30	504	151077.289	0	virtual
817	504	147	13443.77	17.0	real
818	30	505	151077.289	0	virtual
819	505	147	13443.77	17.0	real
820	30	506	151077.289	0	virtual
821	506	147	13443.77	17.0	real
822	147	507	151077.289	0	virtual
823	507	148	12125.44	18.0	real
824	147	508	151077.289	0	virtual
825	508	148	12125.44	18.0	real
826	147	509	151077.289	0	virtual
827	509	148	12125.44	18.0	real
828	148	510	151077.289	0	virtual
829	510	38	12125.44	18.0	real
830	148	511	151077.289	0	virtual
831	511	38	12125.44	18.0	real
832	148	512	151077.289	0	virtual
833	512	38	12125.44	18.0	real
834	30	513	151077.289	0	virtual
835	513	31	22765.293	12.405	real
836	30	514	151077.289	0	virtual
837	514	31	22765.293	12.405	real
838	30	515	151077.289	0	virtual
839	515	31	22765.293	12.405	real
840	32	516	151077.289	0	virtual
841	516	33	150977.289	2.898	real
842	32	517	151077.289	0	virtual
843	517	33	150977.289	2.898	real
844	32	518	151077.289	0	virtual
845	518	33	150977.289	2.898	real
846	32	519	151077.289	0	virtual
847	519	38	10646.337	19.305	real
848	32	520	151077.289	0	virtual
849	520	38	10646.337	19.305	real
850	32	521	151077.289	0	virtual
851	521	38	10646.337	19.305	real
852	32	522	151077.289	0	virtual
853	522	39	14820.025	16.085	real
854	32	523	151077.289	0	virtual
855	523	39	14820.025	16.085	real
856	32	524	151077.289	0	virtual
857	524	39	14820.025	16.085	real
858	33	525	151077.289	0	virtual
859	525	34	28516.856	10.708	real
860	33	526	151077.289	0	virtual
861	526	34	28516.856	10.708	real
862	33	527	151077.289	0	virtual
863	527	34	28516.856	10.708	real
864	34	528	151077.289	0	virtual
865	528	35	19041.397	13.866	real
866	34	529	151077.289	0	virtual
867	529	35	19041.397	13.866	real
868	34	530	151077.289	0	virtual
869	530	35	19041.397	13.866	real
870	37	531	151077.289	0	virtual
871	531	38	22151.433	12.622	real
872	37	532	151077.289	0	virtual
873	532	38	22151.433	12.622	real
874	37	533	151077.289	0	virtual
875	533	38	22151.433	12.622	real
876	37	534	151077.289	0	virtual
877	534	38	22151.433	12.622	real
878	37	535	151077.289	0	virtual
879	535	38	22151.433	12.622	real
880	37	536	151077.289	0	virtual
881	536	38	22151.433	12.622	real
882	38	537	151077.289	0	virtual
883	537	39	38474.335	8.704	real
884	38	538	151077.289	0	virtual
885	538	39	38474.335	8.704	real
886	38	539	151077.289	0	virtual
887	539	39	38474.335	8.704	real
888	40	540	151077.289	0	virtual
889	540	150	21136.187	13.0	real
890	40	541	151077.289	0	virtual
891	541	150	21136.187	13.0	real
892	40	542	151077.289	0	virtual
893	542	150	21136.187	13.0	real
894	150	543	151077.289	0	virtual
895	543	151	18743.124	14.0	real
896	150	544	151077.289	0	virtual
897	544	151	18743.124	14.0	real
898	150	545	151077.289	0	virtual
899	545	151	18743.124	14.0	real
900	151	546	151077.289	0	virtual
901	546	41	18743.124	14.0	real
902	151	547	151077.289	0	virtual
903	547	41	18743.124	14.0	real
904	151	548	151077.289	0	virtual
905	548	41	18743.124	14.0	real
906	40	549	151077.289	0	virtual
907	549	153	18743.124	14.0	real
908	40	550	151077.289	0	virtual
909	550	153	18743.124	14.0	real
910	40	551	151077.289	0	virtual
911	551	153	18743.124	14.0	real
912	153	552	151077.289	0	virtual
913	552	49	16706.241	15.0	real
914	153	553	151077.289	0	virtual
915	553	49	16706.241	15.0	real
916	153	554	151077.289	0	virtual
917	554	49	16706.241	15.0	real
918	42	555	151077.289	0	virtual
919	555	155	21136.187	13.0	real
920	42	556	151077.289	0	virtual
921	556	155	21136.187	13.0	real
922	42	557	151077.289	0	virtual
923	557	155	21136.187	13.0	real
924	155	558	151077.289	0	virtual
925	558	44	21136.187	13.0	real
926	155	559	151077.289	0	virtual
927	559	44	21136.187	13.0	real
928	155	560	151077.289	0	virtual
929	560	44	21136.187	13.0	real
930	42	561	151077.289	0	virtual
931	561	157	13443.77	17.0	real
932	42	562	151077.289	0	virtual
933	562	157	13443.77	17.0	real
934	42	563	151077.289	0	virtual
935	563	157	13443.77	17.0	real
936	157	564	151077.289	0	virtual
937	564	46	12125.44	18.0	real
938	157	565	151077.289	0	virtual
939	565	46	12125.44	18.0	real
940	157	566	151077.289	0	virtual
941	566	46	12125.44	18.0	real
942	43	567	151077.289	0	virtual
943	567	44	12488.403	17.711	real
944	43	568	151077.289	0	virtual
945	568	44	12488.403	17.711	real
946	43	569	151077.289	0	virtual
947	569	44	12488.403	17.711	real
948	43	570	151077.289	0	virtual
949	570	46	18403.882	14.156	real
950	43	571	151077.289	0	virtual
951	571	46	18403.882	14.156	real
952	43	572	151077.289	0	virtual
953	572	46	18403.882	14.156	real
954	45	573	151077.289	0	virtual
955	573	159	16706.241	15.0	real
956	45	574	151077.289	0	virtual
957	574	159	16706.241	15.0	real
958	45	575	151077.289	0	virtual
959	575	159	16706.241	15.0	real
960	159	576	151077.289	0	virtual
961	576	160	14957.19	16.0	real
962	159	577	151077.289	0	virtual
963	577	160	14957.19	16.0	real
964	159	578	151077.289	0	virtual
965	578	160	14957.19	16.0	real
966	160	579	151077.289	0	virtual
967	579	161	14957.19	16.0	real
968	160	580	151077.289	0	virtual
969	580	161	14957.19	16.0	real
970	160	581	151077.289	0	virtual
971	581	161	14957.19	16.0	real
972	161	582	151077.289	0	virtual
973	582	47	14957.19	16.0	real
974	161	583	151077.289	0	virtual
975	583	47	14957.19	16.0	real
976	161	584	151077.289	0	virtual
977	584	47	14957.19	16.0	real
978	46	585	151077.289	0	virtual
979	585	163	18743.124	14.0	real
980	46	586	151077.289	0	virtual
981	586	163	18743.124	14.0	real
982	46	587	151077.289	0	virtual
983	587	163	18743.124	14.0	real
984	163	588	151077.289	0	virtual
985	588	47	16706.241	15.0	real
986	163	589	151077.289	0	virtual
987	589	47	16706.241	15.0	real
988	163	590	151077.289	0	virtual
989	590	47	16706.241	15.0	real
990	47	591	151077.289	0	virtual
991	591	165	31547.867	10.0	real
992	47	592	151077.289	0	virtual
993	592	165	31547.867	10.0	real
994	47	593	151077.289	0	virtual
995	593	165	31547.867	10.0	real
996	165	594	151077.289	0	virtual
997	594	48	27389.072	11.0	real
998	165	595	151077.289	0	virtual
999	595	48	27389.072	11.0	real
1000	165	596	151077.289	0	virtual
1001	596	48	27389.072	11.0	real
1002	48	597	151077.289	0	virtual
1003	597	49	10730.097	19.225	real
1004	48	598	151077.289	0	virtual
1005	598	49	10730.097	19.225	real
1006	48	599	151077.289	0	virtual
1007	599	49	10730.097	19.225	real
